bite
0.6;0;1;1300;253
1.2;0;1;1300;385
1.5;0;1;1300;580
1.6;0;1;1300;257
2.2;0;1;1300;63
2.5;0;1;1300;656
3.4;0;1;1300;154
3.8;0;1;1300;315
4.1;0;1;1300;466
4.6;0;1;1300;543
5.1;0;1;1300;327
6.2;0;1;1300;431
6.3;0;1;1300;469
7.1;0;1;1300;348
7.2;0;1;1300;64
8.2;0;1;1300;434
8.3;0;1;1300;378
8.4;0;1;1300;294
8.6;0;1;1300;103
8.9;0;1;1300;87
9.1;0;1;1300;475
9.6;0;1;1300;309
9.7;0;1;1300;309
10.0;0;1;1300;424
10.2;0;1;1300;279
10.3;0;1;1300;664
10.8;0;1;1300;588
11.6;0;1;1300;199
12.5;0;1;1300;573
12.7;0;1;1300;673
12.8;0;1;1300;542
13.0;0;1;1300;191
13.6;0;1;1300;595
14.1;0;1;1300;169
14.4;0;1;1300;635
14.8;0;1;1300;219
15.0;0;1;1300;257
15.3;0;1;1300;139
15.5;0;1;1300;254
15.7;0;1;1300;699
16.2;0;1;1300;343
16.5;0;1;1300;290
17.2;0;1;1300;174
17.5;0;1;1300;254
17.6;0;1;1300;507
17.7;0;1;1300;421
17.8;0;1;1300;274
18.0;0;1;1300;184
18.7;0;1;1300;473
18.8;0;1;1300;605
19.2;0;1;1300;186
19.3;0;1;1300;316
19.4;0;1;1300;359
19.5;0;1;1300;337
19.7;0;1;1300;340
20.1;0;1;1300;140
20.3;0;1;1300;257
20.4;0;1;1300;251
21.4;0;1;1300;185
21.9;0;1;1300;305
22.3;0;1;1300;188
22.4;0;1;1300;489
22.5;0;1;1300;633
22.8;0;1;1300;404
24.0;0;1;1300;472
24.3;0;1;1300;196
24.7;0;1;1300;208
25.5;0;1;1300;508
25.6;0;1;1300;371
26.0;0;1;1300;452
26.8;0;1;1300;405
26.9;0;1;1300;682
27.4;0;1;1300;645
27.9;0;1;1300;241
28.3;0;1;1300;696
28.9;0;1;1300;268
29.3;0;1;1300;600
30.1;0;1;1300;66
30.2;0;1;1300;452
30.4;0;1;1300;688
30.8;0;1;1300;608
32.2;0;1;1300;269
32.8;0;1;1300;358
33.0;0;1;1300;636
33.4;0;1;1300;523
33.6;0;1;1300;202
33.7;0;1;1300;485
33.8;0;1;1300;421
34.4;0;1;1300;602
34.9;0;1;1300;621
35.3;0;1;1300;110
35.5;0;1;1300;601
35.6;0;1;1300;623
36.4;0;1;1300;134
36.8;0;1;1300;545
37.0;0;1;1300;175
37.4;0;1;1300;312
37.7;0;1;1300;624
38.5;0;1;1300;302
40.8;0;1;1300;97
41.0;0;1;1300;470
41.5;0;1;1300;544
42.0;0;1;1300;583
42.1;0;1;1300;56
42.5;0;1;1300;126
42.6;0;1;1300;563
42.8;0;1;1300;347
43.8;0;1;1300;320
44.3;0;1;1300;396
44.6;0;1;1300;671
44.7;0;1;1300;642
44.8;0;1;1300;303
45.3;0;1;1300;350
46.4;0;1;1300;345
46.7;0;1;1300;638
47.0;0;1;1300;83
48.4;0;1;1300;579
49.2;0;1;1300;566
49.9;0;1;1300;330
50.1;0;1;1300;624
50.2;0;1;1300;394
50.4;0;1;1300;411
50.8;0;1;1300;662
50.9;0;1;1300;115
51.2;0;1;1300;127
51.4;0;1;1300;405
51.7;0;1;1300;432
52.7;0;1;1300;148
52.9;0;1;1300;206
53.5;0;1;1300;597
54.1;0;1;1300;370
54.4;0;1;1300;626
54.5;0;1;1300;643
55.0;0;1;1300;383
55.7;0;1;1300;668
56.2;0;1;1300;92
57.6;0;1;1300;280
57.8;0;1;1300;250
57.9;0;1;1300;164
58.1;0;1;1300;319
58.4;0;1;1300;454
58.5;0;1;1300;493
58.8;0;1;1300;286
58.9;0;1;1300;198
59.2;0;1;1300;281
59.4;0;1;1300;306
59.5;0;1;1300;585
59.6;0;1;1300;597
59.7;0;1;1300;99
59.9;0;1;1300;492
60.1;0;1;1300;31
60.6;0;1;1300;581
60.8;0;1;1300;574
61.5;0;1;1300;381
61.8;0;1;1300;319
62.2;0;1;1300;458
62.3;0;1;1300;191
62.6;0;1;1300;444
63.2;0;1;1300;368
63.7;0;1;1300;546
63.9;0;1;1300;190
64.9;0;1;1300;94
65.4;0;1;1300;366
66.8;0;1;1300;682
67.6;0;1;1300;66
68.0;0;1;1300;233
68.2;0;1;1300;635
68.7;0;1;1300;654
69.0;0;1;1300;94
69.2;0;1;1300;335
69.4;0;1;1300;157
69.6;0;1;1300;503
70.4;0;1;1300;393
70.8;0;1;1300;367
71.5;0;1;1300;274
71.9;0;1;1300;61
72.0;0;1;1300;653
72.1;0;1;1300;628
72.5;0;1;1300;209
72.6;0;1;1300;524
73.1;0;1;1300;103
73.2;0;1;1300;446
73.5;0;1;1300;289
74.1;0;1;1300;208
74.3;0;1;1300;229
74.8;0;1;1300;568
74.9;0;1;1300;249
75.6;0;1;1300;160
75.7;0;1;1300;674
76.2;0;1;1300;41
76.3;0;1;1300;80
76.5;0;1;1300;410
76.6;0;1;1300;301
77.1;0;1;1300;525
77.4;0;1;1300;615
77.6;0;1;1300;414
77.7;0;1;1300;492
77.8;0;1;1300;166
78.2;0;1;1300;615
78.6;0;1;1300;292
78.8;0;1;1300;464
78.9;0;1;1300;173
79.5;0;1;1300;170
80.5;0;1;1300;102
80.9;0;1;1300;406
81.1;0;1;1300;375
81.3;0;1;1300;293
81.7;0;1;1300;164
83.1;0;1;1300;253
83.2;0;1;1300;377
83.3;0;1;1300;339
84.1;0;1;1300;48
84.2;0;1;1300;78
84.6;0;1;1300;563
84.7;0;1;1300;600
85.5;0;1;1300;175
85.6;0;1;1300;106
85.8;0;1;1300;156
85.9;0;1;1300;184
86.2;0;1;1300;551
86.4;0;1;1300;95
86.5;0;1;1300;43
87.1;0;1;1300;466
87.8;0;1;1300;122
88.3;0;1;1300;675
88.5;0;1;1300;72
89.1;0;1;1300;53
90.8;0;1;1300;692
91.3;0;1;1300;23
91.6;0;1;1300;196
91.8;0;1;1300;355
92.0;0;1;1300;325
92.1;0;1;1300;82
92.5;0;1;1300;382
92.7;0;1;1300;238
92.9;0;1;1300;32
94.2;0;1;1300;683
94.3;0;1;1300;319
94.4;0;1;1300;285
95.3;0;1;1300;700
95.5;0;1;1300;679
95.6;0;1;1300;484
95.8;0;1;1300;114
96.0;0;1;1300;581
96.4;0;1;1300;564
96.5;0;1;1300;172
96.8;0;1;1300;512
97.5;0;1;1300;427
97.6;0;1;1300;380
98.8;0;1;1300;354
99.0;0;1;1300;577
99.1;0;1;1300;178
99.7;0;1;1300;648
100.1;0;1;1300;297
100.4;0;1;1300;154
101.0;0;1;1300;673
101.3;0;1;1300;690
101.6;0;1;1300;364
101.7;0;1;1300;321
102.6;0;1;1300;505
103.0;0;1;1300;83
103.2;0;1;1300;360
103.3;0;1;1300;399
104.4;0;1;1300;273
104.5;0;1;1300;67
104.6;0;1;1300;77
105.1;0;1;1300;630
105.3;0;1;1300;546
106.0;0;1;1300;364
106.3;0;1;1300;446
106.6;0;1;1300;174
106.9;0;1;1300;258
107.4;0;1;1300;464
107.6;0;1;1300;300
107.8;0;1;1300;164
108.6;0;1;1300;218
108.9;0;1;1300;148
109.8;0;1;1300;117
109.9;0;1;1300;596
110.0;0;1;1300;237
110.1;0;1;1300;642
110.5;0;1;1300;230
110.6;0;1;1300;378
110.7;0;1;1300;249
111.3;0;1;1300;105
111.5;0;1;1300;679
112.6;0;1;1300;456
112.8;0;1;1300;226
113.2;0;1;1300;38
113.8;0;1;1300;321
114.1;0;1;1300;406
114.2;0;1;1300;514
114.5;0;1;1300;110
114.9;0;1;1300;30
115.0;0;1;1300;620
115.1;0;1;1300;593
115.8;0;1;1300;244
116.2;0;1;1300;185
116.9;0;1;1300;618
117.2;0;1;1300;597
117.7;0;1;1300;79
117.8;0;1;1300;22
118.0;0;1;1300;591
118.3;0;1;1300;501
118.7;0;1;1300;449
119.0;0;1;1300;420
119.6;0;1;1300;155
119.7;0;1;1300;189
119.9;0;1;1300;90
120.1;0;1;1300;64
120.7;0;1;1300;301
121.5;0;1;1300;71
122.0;0;1;1300;246
122.2;0;1;1300;356
122.4;0;1;1300;333
122.9;0;1;1300;663
123.0;0;1;1300;259
123.3;0;1;1300;92
123.5;0;1;1300;110
123.7;0;1;1300;178
123.8;0;1;1300;605
123.9;0;1;1300;194
124.1;0;1;1300;386
124.6;0;1;1300;696
126.5;0;1;1300;658
126.8;0;1;1300;249
127.0;0;1;1300;653
127.2;0;1;1300;505
127.6;0;1;1300;690
127.7;0;1;1300;140
127.8;0;1;1300;276
128.1;0;1;1300;592
128.5;0;1;1300;266
129.0;0;1;1300;416
129.1;0;1;1300;660
129.3;0;1;1300;334
129.4;0;1;1300;506
129.6;0;1;1300;168
129.7;0;1;1300;165
130.5;0;1;1300;607
130.8;0;1;1300;110
131.0;0;1;1300;394
131.1;0;1;1300;633
132.0;0;1;1300;292
132.3;0;1;1300;225
132.4;0;1;1300;460
132.7;0;1;1300;270
133.0;0;1;1300;409
133.1;0;1;1300;568
133.4;0;1;1300;24
133.6;0;1;1300;663
134.3;0;1;1300;306
134.5;0;1;1300;195
134.6;0;1;1300;286
135.3;0;1;1300;526
135.7;0;1;1300;24
135.9;0;1;1300;206
136.8;0;1;1300;181
136.9;0;1;1300;477
138.1;0;1;1300;509
138.9;0;1;1300;521
139.0;0;1;1300;140
140.1;0;1;1300;488
140.6;0;1;1300;209
140.9;0;1;1300;337
141.9;0;1;1300;643
142.0;0;1;1300;277
142.3;0;1;1300;572
142.8;0;1;1300;164
142.9;0;1;1300;552
143.6;0;1;1300;185
144.1;0;1;1300;127
144.5;0;1;1300;68
145.5;0;1;1300;260
146.0;0;1;1300;478
147.1;0;1;1300;291
147.2;0;1;1300;197
147.3;0;1;1300;32
147.4;0;1;1300;529
147.6;0;1;1300;122
148.4;0;1;1300;422
148.5;0;1;1300;489
148.9;0;1;1300;638
149.3;0;1;1300;168
149.5;0;1;1300;674
151.0;0;1;1300;682
151.3;0;1;1300;147
151.8;0;1;1300;449
152.0;0;1;1300;120
152.1;0;1;1300;617
152.6;0;1;1300;33
152.7;0;1;1300;401
153.3;0;1;1300;274
153.5;0;1;1300;435
153.9;0;1;1300;634
154.1;0;1;1300;690
154.5;0;1;1300;81
155.5;0;1;1300;460
155.6;0;1;1300;60
155.7;0;1;1300;451
155.8;0;1;1300;24
155.9;0;1;1300;610
156.8;0;1;1300;272
157.3;0;1;1300;267
158.1;0;1;1300;591
158.2;0;1;1300;386
158.6;0;1;1300;218
158.8;0;1;1300;414
160.8;0;1;1300;549
161.0;0;1;1300;379
161.1;0;1;1300;131
161.2;0;1;1300;372
163.0;0;1;1300;578
163.2;0;1;1300;646
163.4;0;1;1300;29
164.3;0;1;1300;219
164.4;0;1;1300;41
164.5;0;1;1300;82
164.6;0;1;1300;466
164.7;0;1;1300;317
166.2;0;1;1300;407
166.4;0;1;1300;196
167.1;0;1;1300;294
167.4;0;1;1300;591
167.5;0;1;1300;657
168.8;0;1;1300;525
169.1;0;1;1300;586
170.2;0;1;1300;237
170.5;0;1;1300;628
170.8;0;1;1300;38
170.9;0;1;1300;509
171.6;0;1;1300;195
172.2;0;1;1300;647
172.5;0;1;1300;684
172.6;0;1;1300;540
172.7;0;1;1300;489
173.1;0;1;1300;484
173.2;0;1;1300;693
173.8;0;1;1300;411
175.0;0;1;1300;89
175.2;0;1;1300;438
176.0;0;1;1300;597
176.8;0;1;1300;72
177.5;0;1;1300;144
178.0;0;1;1300;650
178.1;0;1;1300;649
178.3;0;1;1300;454
178.9;0;1;1300;458
179.1;0;1;1300;130
179.4;0;1;1300;344
179.6;0;1;1300;269
180.6;0;1;1300;318
181.0;0;1;1300;202
181.5;0;1;1300;242
181.6;0;1;1300;475
181.7;0;1;1300;245
182.5;0;1;1300;78
182.6;0;1;1300;246
183.1;0;1;1300;380
183.5;0;1;1300;226
183.7;0;1;1300;614
184.7;0;1;1300;37
184.9;0;1;1300;110
185.5;0;1;1300;204
185.8;0;1;1300;91
186.4;0;1;1300;607
186.9;0;1;1300;555
187.0;0;1;1300;542
187.7;0;1;1300;269
188.1;0;1;1300;671
189.4;0;1;1300;598
190.4;0;1;1300;511
191.1;0;1;1300;399
191.2;0;1;1300;219
191.8;0;1;1300;575
192.0;0;1;1300;352
192.1;0;1;1300;674
192.3;0;1;1300;682
192.9;0;1;1300;691
193.0;0;1;1300;671
193.4;0;1;1300;437
193.7;0;1;1300;539
194.9;0;1;1300;537
196.1;0;1;1300;322
196.4;0;1;1300;138
196.7;0;1;1300;280
196.8;0;1;1300;662
196.9;0;1;1300;173
197.4;0;1;1300;59
198.1;0;1;1300;148
198.5;0;1;1300;83
198.9;0;1;1300;524
199.3;0;1;1300;290
200.3;0;1;1300;133
201.1;0;1;1300;247
202.7;0;1;1300;615
202.9;0;1;1300;680
203.4;0;1;1300;237
204.6;0;1;1300;246
205.5;0;1;1300;454
206.4;0;1;1300;442
206.9;0;1;1300;361
207.1;0;1;1300;668
207.4;0;1;1300;254
208.2;0;1;1300;69
208.6;0;1;1300;390
209.0;0;1;1300;493
209.4;0;1;1300;490
209.8;0;1;1300;273
210.1;0;1;1300;110
210.2;0;1;1300;94
210.4;0;1;1300;31
210.6;0;1;1300;251
210.8;0;1;1300;418
211.3;0;1;1300;124
211.6;0;1;1300;295
212.1;0;1;1300;60
212.2;0;1;1300;394
213.1;0;1;1300;318
213.3;0;1;1300;158
213.4;0;1;1300;453
213.7;0;1;1300;698
214.1;0;1;1300;213
214.4;0;1;1300;351
216.0;0;1;1300;453
216.1;0;1;1300;160
217.0;0;1;1300;380
217.1;0;1;1300;590
217.7;0;1;1300;567
217.9;0;1;1300;695
218.2;0;1;1300;235
218.3;0;1;1300;206
218.7;0;1;1300;462
219.2;0;1;1300;46
219.4;0;1;1300;642
221.3;0;1;1300;409
221.4;0;1;1300;364
222.1;0;1;1300;258
223.3;0;1;1300;164
224.5;0;1;1300;316
224.7;0;1;1300;315
224.9;0;1;1300;103
225.6;0;1;1300;237
226.5;0;1;1300;263
227.0;0;1;1300;159
228.1;0;1;1300;379
228.8;0;1;1300;301
229.2;0;1;1300;169
229.7;0;1;1300;201
230.8;0;1;1300;23
231.0;0;1;1300;549
231.8;0;1;1300;123
232.0;0;1;1300;369
232.5;0;1;1300;549
233.5;0;1;1300;642
234.7;0;1;1300;611
235.1;0;1;1300;101
235.3;0;1;1300;362
235.5;0;1;1300;41
236.1;0;1;1300;87
236.4;0;1;1300;453
236.5;0;1;1300;418
238.7;0;1;1300;566
238.8;0;1;1300;667
239.3;0;1;1300;143
240.0;0;1;1300;408
240.4;0;1;1300;56
240.6;0;1;1300;131
241.3;0;1;1300;332
242.0;0;1;1300;177
242.3;0;1;1300;203
242.5;0;1;1300;507
243.1;0;1;1300;502
243.6;0;1;1300;470
244.0;0;1;1300;590
244.6;0;1;1300;300
245.0;0;1;1300;69
245.2;0;1;1300;511
245.4;0;1;1300;106
246.3;0;1;1300;278
246.6;0;1;1300;578
246.8;0;1;1300;115
247.0;0;1;1300;172
247.7;0;1;1300;642
247.9;0;1;1300;567
248.0;0;1;1300;548
248.1;0;1;1300;644
248.9;0;1;1300;283
249.0;0;1;1300;118
249.4;0;1;1300;124
250.3;0;1;1300;669
250.5;0;1;1300;610
250.6;0;1;1300;400
250.7;0;1;1300;610
250.9;0;1;1300;569
251.0;0;1;1300;556
251.6;0;1;1300;123
252.4;0;1;1300;161
252.7;0;1;1300;432
253.0;0;1;1300;498
253.2;0;1;1300;48
253.3;0;1;1300;282
253.4;0;1;1300;283
253.5;0;1;1300;136
253.6;0;1;1300;654
254.8;0;1;1300;475
255.7;0;1;1300;195
256.0;0;1;1300;63
256.3;0;1;1300;410
256.6;0;1;1300;664
257.3;0;1;1300;605
257.6;0;1;1300;385
257.7;0;1;1300;682
257.8;0;1;1300;56
258.0;0;1;1300;579
258.5;0;1;1300;361
258.8;0;1;1300;201
259.6;0;1;1300;333
259.8;0;1;1300;222
260.3;0;1;1300;567
260.6;0;1;1300;474
260.7;0;1;1300;543
260.9;0;1;1300;133
261.2;0;1;1300;419
261.9;0;1;1300;535
262.1;0;1;1300;378
262.5;0;1;1300;300
263.7;0;1;1300;503
263.9;0;1;1300;459
264.0;0;1;1300;124
264.3;0;1;1300;453
265.6;0;1;1300;584
265.9;0;1;1300;210
266.1;0;1;1300;515
266.4;0;1;1300;565
266.7;0;1;1300;366
266.9;0;1;1300;222
267.3;0;1;1300;412
267.4;0;1;1300;345
267.6;0;1;1300;213
268.3;0;1;1300;111
268.4;0;1;1300;545
268.6;0;1;1300;472
268.9;0;1;1300;668
269.3;0;1;1300;56
269.4;0;1;1300;309
269.5;0;1;1300;115
270.1;0;1;1300;398
270.4;0;1;1300;133
270.5;0;1;1300;510
270.6;0;1;1300;369
270.9;0;1;1300;344
271.1;0;1;1300;389
271.4;0;1;1300;610
271.5;0;1;1300;559
271.7;0;1;1300;376
272.1;0;1;1300;111
272.8;0;1;1300;308
273.5;0;1;1300;214
273.6;0;1;1300;67
273.7;0;1;1300;565
275.6;0;1;1300;394
276.4;0;1;1300;474
276.5;0;1;1300;186
276.8;0;1;1300;305
277.0;0;1;1300;690
277.5;0;1;1300;268
277.8;0;1;1300;416
278.3;0;1;1300;33
278.5;0;1;1300;124
278.6;0;1;1300;526
279.4;0;1;1300;166
279.7;0;1;1300;303
280.3;0;1;1300;411
280.6;0;1;1300;308
280.9;0;1;1300;497
281.8;0;1;1300;212
281.9;0;1;1300;311
282.0;0;1;1300;566
282.7;0;1;1300;650
283.3;0;1;1300;212
283.7;0;1;1300;570
283.9;0;1;1300;146
284.3;0;1;1300;327
284.4;0;1;1300;56
285.1;0;1;1300;601
285.3;0;1;1300;249
285.5;0;1;1300;119
285.8;0;1;1300;38
286.7;0;1;1300;171
287.2;0;1;1300;688
287.3;0;1;1300;384
287.9;0;1;1300;628
288.0;0;1;1300;381
288.1;0;1;1300;510
289.2;0;1;1300;155
289.3;0;1;1300;397
289.5;0;1;1300;185
289.7;0;1;1300;92
289.9;0;1;1300;160
290.2;0;1;1300;140
290.5;0;1;1300;478
290.9;0;1;1300;345
291.0;0;1;1300;247
291.3;0;1;1300;208
291.5;0;1;1300;462
291.6;0;1;1300;179
291.7;0;1;1300;49
292.0;0;1;1300;275
292.4;0;1;1300;508
293.0;0;1;1300;495
293.8;0;1;1300;49
295.1;0;1;1300;288
295.3;0;1;1300;152
296.1;0;1;1300;448
296.3;0;1;1300;271
296.4;0;1;1300;476
296.5;0;1;1300;516
296.7;0;1;1300;106
296.9;0;1;1300;337
298.8;0;1;1300;636
299.0;0;1;1300;24
299.9;0;1;1300;293
300.9;0;1;1300;616
301.7;0;1;1300;110
301.9;0;1;1300;135
302.0;0;1;1300;507
302.6;0;1;1300;74
302.9;0;1;1300;403
303.7;0;1;1300;112
303.9;0;1;1300;71
304.1;0;1;1300;439
304.3;0;1;1300;276
304.4;0;1;1300;111
304.8;0;1;1300;192
305.6;0;1;1300;564
305.9;0;1;1300;517
306.3;0;1;1300;84
306.5;0;1;1300;101
307.0;0;1;1300;607
307.1;0;1;1300;309
307.2;0;1;1300;163
307.6;0;1;1300;286
307.8;0;1;1300;520
308.4;0;1;1300;681
308.6;0;1;1300;79
308.7;0;1;1300;345
308.8;0;1;1300;209
309.5;0;1;1300;514
309.7;0;1;1300;549
310.1;0;1;1300;577
310.7;0;1;1300;212
311.0;0;1;1300;239
311.6;0;1;1300;332
312.6;0;1;1300;535
312.8;0;1;1300;245
314.0;0;1;1300;696
314.8;0;1;1300;594
315.8;0;1;1300;404
316.4;0;1;1300;75
317.0;0;1;1300;260
317.6;0;1;1300;176
317.7;0;1;1300;356
317.9;0;1;1300;108
318.3;0;1;1300;228
318.5;0;1;1300;511
318.6;0;1;1300;211
318.8;0;1;1300;67
318.9;0;1;1300;567
320.6;0;1;1300;168
321.3;0;1;1300;488
321.7;0;1;1300;539
322.0;0;1;1300;360
322.8;0;1;1300;691
323.6;0;1;1300;200
323.8;0;1;1300;254
324.1;0;1;1300;199
324.3;0;1;1300;631
325.5;0;1;1300;279
325.7;0;1;1300;377
325.8;0;1;1300;463
326.1;0;1;1300;142
326.5;0;1;1300;275
326.6;0;1;1300;60
326.8;0;1;1300;180
327.0;0;1;1300;265
327.7;0;1;1300;217
327.8;0;1;1300;323
327.9;0;1;1300;318
328.1;0;1;1300;369
328.2;0;1;1300;546
328.5;0;1;1300;36
328.7;0;1;1300;662
329.2;0;1;1300;318
329.6;0;1;1300;140
329.8;0;1;1300;686
330.0;0;1;1300;74
330.1;0;1;1300;667
330.2;0;1;1300;64
331.3;0;1;1300;161
331.6;0;1;1300;465
332.0;0;1;1300;220
332.1;0;1;1300;336
332.9;0;1;1300;398
333.1;0;1;1300;400
333.4;0;1;1300;580
334.1;0;1;1300;501
335.0;0;1;1300;265
335.5;0;1;1300;519
335.6;0;1;1300;508
336.2;0;1;1300;418
336.3;0;1;1300;232
336.5;0;1;1300;375
336.6;0;1;1300;207
337.3;0;1;1300;428
337.4;0;1;1300;442
337.8;0;1;1300;456
338.2;0;1;1300;668
338.6;0;1;1300;612
338.8;0;1;1300;617
339.1;0;1;1300;36
339.5;0;1;1300;469
339.6;0;1;1300;500
339.7;0;1;1300;156
340.1;0;1;1300;614
340.2;0;1;1300;134
340.6;0;1;1300;111
340.7;0;1;1300;246
341.0;0;1;1300;102
341.3;0;1;1300;44
342.4;0;1;1300;226
342.5;0;1;1300;350
342.9;0;1;1300;589
343.2;0;1;1300;416
343.6;0;1;1300;144
343.9;0;1;1300;490
344.0;0;1;1300;268
344.1;0;1;1300;406
345.3;0;1;1300;336
345.4;0;1;1300;57
345.5;0;1;1300;39
345.8;0;1;1300;237
345.9;0;1;1300;236
346.8;0;1;1300;177
347.3;0;1;1300;527
347.6;0;1;1300;92
348.0;0;1;1300;469
348.9;0;1;1300;401
349.5;0;1;1300;610
349.8;0;1;1300;416
350.1;0;1;1300;307
350.2;0;1;1300;509
350.4;0;1;1300;41
350.9;0;1;1300;183
351.0;0;1;1300;565
351.1;0;1;1300;294
351.2;0;1;1300;136
351.4;0;1;1300;59
351.5;0;1;1300;448
351.6;0;1;1300;381
351.9;0;1;1300;127
352.5;0;1;1300;127
353.2;0;1;1300;138
353.3;0;1;1300;470
353.9;0;1;1300;422
355.1;0;1;1300;158
355.2;0;1;1300;285
355.3;0;1;1300;631
355.5;0;1;1300;100
356.0;0;1;1300;224
357.4;0;1;1300;214
357.7;0;1;1300;211
358.3;0;1;1300;304
358.5;0;1;1300;412
359.3;0;1;1300;615
359.6;0;1;1300;188
359.8;0;1;1300;428
360.1;0;1;1300;417
360.3;0;1;1300;656
360.4;0;1;1300;29
360.8;0;1;1300;592
361.1;0;1;1300;501
361.5;0;1;1300;415
362.8;0;1;1300;630
363.0;0;1;1300;362
364.0;0;1;1300;86
365.2;0;1;1300;596
365.9;0;1;1300;420
366.5;0;1;1300;151
366.7;0;1;1300;336
366.9;0;1;1300;590
368.2;0;1;1300;42
368.3;0;1;1300;180
368.7;0;1;1300;94
368.8;0;1;1300;693
369.1;0;1;1300;642
369.5;0;1;1300;673
370.1;0;1;1300;404
370.9;0;1;1300;204
371.0;0;1;1300;173
371.1;0;1;1300;103
371.2;0;1;1300;576
371.3;0;1;1300;27
371.4;0;1;1300;230
371.7;0;1;1300;520
372.6;0;1;1300;370
372.8;0;1;1300;61
373.3;0;1;1300;21
375.0;0;1;1300;337
376.1;0;1;1300;272
376.3;0;1;1300;396
376.9;0;1;1300;678
377.0;0;1;1300;393
377.2;0;1;1300;304
377.6;0;1;1300;574
377.7;0;1;1300;504
378.3;0;1;1300;245
378.6;0;1;1300;537
378.7;0;1;1300;451
379.0;0;1;1300;588
379.1;0;1;1300;598
379.2;0;1;1300;561
380.1;0;1;1300;550
380.6;0;1;1300;595
381.2;0;1;1300;225
381.3;0;1;1300;326
381.6;0;1;1300;682
381.9;0;1;1300;524
382.2;0;1;1300;220
382.3;0;1;1300;136
382.7;0;1;1300;315
383.3;0;1;1300;74
383.8;0;1;1300;120
384.3;0;1;1300;68
384.5;0;1;1300;306
384.6;0;1;1300;689
385.1;0;1;1300;672
385.3;0;1;1300;573
385.8;0;1;1300;41
386.8;0;1;1300;561
387.1;0;1;1300;612
387.4;0;1;1300;139
387.6;0;1;1300;691
387.7;0;1;1300;131
388.4;0;1;1300;360
389.1;0;1;1300;412
389.4;0;1;1300;101
390.2;0;1;1300;307
390.8;0;1;1300;346
390.9;0;1;1300;107
392.2;0;1;1300;653
392.3;0;1;1300;551
392.4;0;1;1300;539
393.0;0;1;1300;246
393.7;0;1;1300;278
394.3;0;1;1300;65
394.6;0;1;1300;46
394.8;0;1;1300;64
395.2;0;1;1300;250
395.5;0;1;1300;246
395.7;0;1;1300;419
395.8;0;1;1300;380
396.0;0;1;1300;162
396.1;0;1;1300;50
396.6;0;1;1300;538
396.8;0;1;1300;646
397.0;0;1;1300;581
397.2;0;1;1300;198
397.8;0;1;1300;309
398.4;0;1;1300;109
398.7;0;1;1300;179
399.1;0;1;1300;259
399.3;0;1;1300;558
399.5;0;1;1300;246
399.7;0;1;1300;85
400.5;0;1;1300;549
400.9;0;1;1300;321
401.4;0;1;1300;354
401.5;0;1;1300;623
401.6;0;1;1300;314
401.7;0;1;1300;293
401.8;0;1;1300;391
402.4;0;1;1300;171
403.8;0;1;1300;226
404.2;0;1;1300;331
404.9;0;1;1300;627
407.4;0;1;1300;343
407.9;0;1;1300;357
408.7;0;1;1300;552
409.4;0;1;1300;251
409.7;0;1;1300;136
410.5;0;1;1300;642
411.0;0;1;1300;279
411.4;0;1;1300;285
411.9;0;1;1300;454
412.5;0;1;1300;688
412.6;0;1;1300;179
412.7;0;1;1300;528
412.8;0;1;1300;643
412.9;0;1;1300;249
413.2;0;1;1300;78
413.3;0;1;1300;486
413.8;0;1;1300;457
414.2;0;1;1300;655
414.5;0;1;1300;309
415.0;0;1;1300;641
415.5;0;1;1300;351
415.6;0;1;1300;340
416.1;0;1;1300;174
416.6;0;1;1300;681
416.7;0;1;1300;291
417.0;0;1;1300;653
417.2;0;1;1300;469
417.7;0;1;1300;35
417.9;0;1;1300;170
418.7;0;1;1300;699
419.0;0;1;1300;677
419.2;0;1;1300;165
419.4;0;1;1300;374
420.2;0;1;1300;83
420.4;0;1;1300;208
421.2;0;1;1300;289
421.4;0;1;1300;517
421.6;0;1;1300;660
421.7;0;1;1300;371
422.7;0;1;1300;381
423.1;0;1;1300;90
423.4;0;1;1300;623
423.7;0;1;1300;691
423.8;0;1;1300;37
424.0;0;1;1300;449
424.2;0;1;1300;445
424.4;0;1;1300;74
424.6;0;1;1300;642
424.7;0;1;1300;487
425.6;0;1;1300;274
425.8;0;1;1300;146
426.5;0;1;1300;297
427.7;0;1;1300;422
428.3;0;1;1300;140
428.6;0;1;1300;487
428.8;0;1;1300;106
429.6;0;1;1300;612
429.7;0;1;1300;566
429.8;0;1;1300;473
429.9;0;1;1300;82
430.2;0;1;1300;460
431.2;0;1;1300;45
431.4;0;1;1300;253
431.6;0;1;1300;288
431.8;0;1;1300;538
432.9;0;1;1300;226
433.4;0;1;1300;57
433.9;0;1;1300;190
434.1;0;1;1300;557
434.4;0;1;1300;251
434.9;0;1;1300;187
435.2;0;1;1300;167
435.5;0;1;1300;550
435.7;0;1;1300;179
436.5;0;1;1300;50
436.9;0;1;1300;676
437.3;0;1;1300;287
437.4;0;1;1300;75
437.6;0;1;1300;350
437.9;0;1;1300;329
438.4;0;1;1300;518
438.5;0;1;1300;550
438.6;0;1;1300;135
439.3;0;1;1300;360
439.4;0;1;1300;381
439.7;0;1;1300;636
440.6;0;1;1300;363
441.2;0;1;1300;305
441.3;0;1;1300;677
441.8;0;1;1300;366
442.1;0;1;1300;94
443.0;0;1;1300;203
443.2;0;1;1300;119
443.6;0;1;1300;509
444.2;0;1;1300;404
444.3;0;1;1300;452
444.7;0;1;1300;504
445.2;0;1;1300;306
445.6;0;1;1300;207
446.4;0;1;1300;687
446.7;0;1;1300;366
446.8;0;1;1300;625
447.2;0;1;1300;364
447.6;0;1;1300;138
447.9;0;1;1300;306
448.2;0;1;1300;179
449.6;0;1;1300;473
450.1;0;1;1300;229
450.2;0;1;1300;666
450.3;0;1;1300;154
450.8;0;1;1300;658
451.0;0;1;1300;385
451.2;0;1;1300;344
451.3;0;1;1300;521
451.5;0;1;1300;147
452.1;0;1;1300;64
452.3;0;1;1300;93
454.4;0;1;1300;261
454.5;0;1;1300;397
454.9;0;1;1300;560
455.0;0;1;1300;506
455.3;0;1;1300;515
455.5;0;1;1300;110
455.7;0;1;1300;109
456.2;0;1;1300;559
456.6;0;1;1300;167
457.0;0;1;1300;187
457.6;0;1;1300;424
457.8;0;1;1300;144
458.2;0;1;1300;147
458.4;0;1;1300;326
458.5;0;1;1300;77
459.0;0;1;1300;76
459.1;0;1;1300;144
459.5;0;1;1300;278
459.7;0;1;1300;699
460.6;0;1;1300;212
460.8;0;1;1300;470
461.4;0;1;1300;155
461.8;0;1;1300;623
462.0;0;1;1300;147
462.1;0;1;1300;225
462.3;0;1;1300;390
462.9;0;1;1300;396
463.1;0;1;1300;275
463.2;0;1;1300;363
463.8;0;1;1300;641
464.3;0;1;1300;566
464.5;0;1;1300;286
464.7;0;1;1300;240
465.0;0;1;1300;174
466.7;0;1;1300;409
467.3;0;1;1300;229
467.4;0;1;1300;145
467.9;0;1;1300;498
468.2;0;1;1300;205
468.3;0;1;1300;655
468.4;0;1;1300;126
469.0;0;1;1300;471
469.2;0;1;1300;416
470.0;0;1;1300;466
470.9;0;1;1300;559
471.0;0;1;1300;309
471.3;0;1;1300;119
472.3;0;1;1300;203
472.9;0;1;1300;210
473.0;0;1;1300;553
473.1;0;1;1300;499
473.5;0;1;1300;487
473.8;0;1;1300;206
474.0;0;1;1300;192
475.5;0;1;1300;316
476.1;0;1;1300;494
476.7;0;1;1300;83
477.1;0;1;1300;464
478.3;0;1;1300;135
478.5;0;1;1300;105
478.6;0;1;1300;114
478.7;0;1;1300;45
478.9;0;1;1300;554
479.2;0;1;1300;122
479.5;0;1;1300;699
480.1;0;1;1300;697
480.2;0;1;1300;125
480.8;0;1;1300;617
480.9;0;1;1300;356
482.4;0;1;1300;270
482.7;0;1;1300;121
482.8;0;1;1300;341
483.1;0;1;1300;364
483.2;0;1;1300;510
483.7;0;1;1300;461
483.8;0;1;1300;203
484.9;0;1;1300;73
485.5;0;1;1300;103
485.7;0;1;1300;433
485.8;0;1;1300;676
486.1;0;1;1300;242
486.8;0;1;1300;512
487.3;0;1;1300;458
487.7;0;1;1300;81
487.8;0;1;1300;41
487.9;0;1;1300;229
488.0;0;1;1300;545
488.3;0;1;1300;484
488.9;0;1;1300;515
490.0;0;1;1300;211
490.1;0;1;1300;312
490.3;0;1;1300;364
490.9;0;1;1300;632
491.8;0;1;1300;451
492.7;0;1;1300;189
493.0;0;1;1300;185
493.1;0;1;1300;240
493.3;0;1;1300;162
495.0;0;1;1300;492
495.1;0;1;1300;585
495.5;0;1;1300;92
495.6;0;1;1300;485
495.7;0;1;1300;68
496.0;0;1;1300;559
496.7;0;1;1300;24
497.0;0;1;1300;596
497.4;0;1;1300;485
497.5;0;1;1300;640
498.2;0;1;1300;149
499.2;0;1;1300;165
500.3;0;1;1300;103
501.0;0;1;1300;187
501.7;0;1;1300;605
502.4;0;1;1300;293
502.5;0;1;1300;686
503.1;0;1;1300;27
503.9;0;1;1300;664
505.0;0;1;1300;112
505.1;0;1;1300;665
505.5;0;1;1300;425
505.6;0;1;1300;127
505.8;0;1;1300;698
506.0;0;1;1300;685
506.1;0;1;1300;519
507.2;0;1;1300;551
507.6;0;1;1300;666
507.9;0;1;1300;467
508.7;0;1;1300;525
508.8;0;1;1300;38
509.1;0;1;1300;60
509.4;0;1;1300;157
509.5;0;1;1300;689
509.6;0;1;1300;651
509.9;0;1;1300;82
510.6;0;1;1300;602
510.9;0;1;1300;640
511.1;0;1;1300;304
511.5;0;1;1300;678
512.4;0;1;1300;666
512.7;0;1;1300;373
513.1;0;1;1300;340
513.2;0;1;1300;430
513.9;0;1;1300;550
514.3;0;1;1300;504
514.4;0;1;1300;353
516.1;0;1;1300;97
516.3;0;1;1300;64
516.5;0;1;1300;662
516.8;0;1;1300;343
517.0;0;1;1300;565
517.1;0;1;1300;574
517.5;0;1;1300;154
517.8;0;1;1300;379
518.1;0;1;1300;357
518.4;0;1;1300;115
518.6;0;1;1300;366
519.1;0;1;1300;431
519.2;0;1;1300;26
519.3;0;1;1300;260
520.3;0;1;1300;39
520.9;0;1;1300;603
521.6;0;1;1300;162
522.4;0;1;1300;668
522.5;0;1;1300;586
523.3;0;1;1300;108
523.7;0;1;1300;293
523.9;0;1;1300;421
524.8;0;1;1300;524
525.1;0;1;1300;316
525.7;0;1;1300;687
525.8;0;1;1300;264
525.9;0;1;1300;343
526.2;0;1;1300;451
527.5;0;1;1300;204
527.7;0;1;1300;369
527.9;0;1;1300;158
528.1;0;1;1300;180
528.2;0;1;1300;305
528.6;0;1;1300;212
529.0;0;1;1300;490
529.1;0;1;1300;523
529.7;0;1;1300;73
530.0;0;1;1300;593
531.4;0;1;1300;433
531.9;0;1;1300;299
532.4;0;1;1300;444
532.5;0;1;1300;322
532.7;0;1;1300;75
533.2;0;1;1300;79
533.5;0;1;1300;164
534.0;0;1;1300;292
534.4;0;1;1300;354
534.7;0;1;1300;417
535.1;0;1;1300;308
535.3;0;1;1300;508
536.3;0;1;1300;444
537.0;0;1;1300;370
537.2;0;1;1300;572
537.9;0;1;1300;440
538.1;0;1;1300;42
538.5;0;1;1300;34
538.7;0;1;1300;587
538.8;0;1;1300;92
539.0;0;1;1300;660
539.4;0;1;1300;313
539.8;0;1;1300;232
540.1;0;1;1300;350
540.2;0;1;1300;142
540.7;0;1;1300;404
540.8;0;1;1300;34
541.9;0;1;1300;572
542.5;0;1;1300;233
542.9;0;1;1300;217
543.0;0;1;1300;693
543.5;0;1;1300;595
543.8;0;1;1300;420
544.0;0;1;1300;372
544.8;0;1;1300;178
545.4;0;1;1300;650
545.5;0;1;1300;106
546.2;0;1;1300;421
546.3;0;1;1300;352
546.6;0;1;1300;477
547.1;0;1;1300;693
547.5;0;1;1300;667
547.6;0;1;1300;677
547.9;0;1;1300;273
549.0;0;1;1300;537
549.4;0;1;1300;323
549.5;0;1;1300;412
549.6;0;1;1300;434
550.1;0;1;1300;91
550.5;0;1;1300;526
550.8;0;1;1300;424
550.9;0;1;1300;480
551.3;0;1;1300;33
552.7;0;1;1300;132
553.5;0;1;1300;261
553.6;0;1;1300;384
553.7;0;1;1300;257
553.9;0;1;1300;439
554.2;0;1;1300;271
554.4;0;1;1300;32
554.6;0;1;1300;183
554.7;0;1;1300;521
554.8;0;1;1300;144
555.3;0;1;1300;446
555.7;0;1;1300;600
555.9;0;1;1300;676
556.0;0;1;1300;493
556.3;0;1;1300;351
557.2;0;1;1300;352
557.5;0;1;1300;599
558.4;0;1;1300;375
558.5;0;1;1300;563
559.3;0;1;1300;148
559.4;0;1;1300;416
559.7;0;1;1300;373
559.8;0;1;1300;386
560.3;0;1;1300;68
560.6;0;1;1300;156
560.9;0;1;1300;174
561.4;0;1;1300;160
561.7;0;1;1300;525
561.9;0;1;1300;676
562.1;0;1;1300;65
562.5;0;1;1300;64
562.8;0;1;1300;537
563.0;0;1;1300;629
563.8;0;1;1300;222
564.4;0;1;1300;125
564.6;0;1;1300;691
565.2;0;1;1300;571
566.3;0;1;1300;275
566.5;0;1;1300;583
567.2;0;1;1300;575
567.8;0;1;1300;97
568.0;0;1;1300;544
570.2;0;1;1300;42
570.4;0;1;1300;72
571.2;0;1;1300;131
571.7;0;1;1300;525
571.8;0;1;1300;527
571.9;0;1;1300;645
572.5;0;1;1300;604
573.2;0;1;1300;650
573.3;0;1;1300;608
573.6;0;1;1300;519
574.1;0;1;1300;420
575.0;0;1;1300;478
575.4;0;1;1300;509
575.7;0;1;1300;219
576.2;0;1;1300;54
577.0;0;1;1300;92
577.1;0;1;1300;650
577.6;0;1;1300;244
578.1;0;1;1300;338
578.8;0;1;1300;472
579.4;0;1;1300;613
579.8;0;1;1300;612
579.9;0;1;1300;630
580.0;0;1;1300;191
580.1;0;1;1300;321
580.3;0;1;1300;258
580.8;0;1;1300;332
580.9;0;1;1300;469
581.5;0;1;1300;61
581.6;0;1;1300;459
581.8;0;1;1300;480
582.7;0;1;1300;409
583.2;0;1;1300;634
583.3;0;1;1300;97
584.0;0;1;1300;556
584.4;0;1;1300;68
584.5;0;1;1300;592
584.7;0;1;1300;89
585.1;0;1;1300;417
585.5;0;1;1300;308
585.6;0;1;1300;267
586.9;0;1;1300;595
587.6;0;1;1300;364
588.4;0;1;1300;536
588.5;0;1;1300;193
589.1;0;1;1300;178
589.6;0;1;1300;464
590.1;0;1;1300;278
590.2;0;1;1300;452
590.4;0;1;1300;34
590.5;0;1;1300;539
590.6;0;1;1300;431
591.0;0;1;1300;637
591.2;0;1;1300;504
591.5;0;1;1300;530
591.6;0;1;1300;324
592.4;0;1;1300;640
593.8;0;1;1300;294
594.0;0;1;1300;391
594.2;0;1;1300;67
594.4;0;1;1300;206
594.6;0;1;1300;51
594.7;0;1;1300;442
594.8;0;1;1300;504
595.0;0;1;1300;342
595.1;0;1;1300;688
595.3;0;1;1300;621
595.4;0;1;1300;136
596.1;0;1;1300;31
596.2;0;1;1300;234
596.5;0;1;1300;70
596.8;0;1;1300;170
596.9;0;1;1300;345
597.0;0;1;1300;245
597.5;0;1;1300;199
598.6;0;1;1300;628
598.8;0;1;1300;214
599.4;0;1;1300;387
599.6;0;1;1300;411
599.8;0;1;1300;525
